4.751385874879561488e-02
6.254232066831665049e-02
7.704033637268967172e-02
8.350282113775910064e-02
9.093727761117618991e-02
9.625777426642748158e-02
9.997660693201204651e-02
1.058259705456833788e-01
1.109610307829075881e-01
1.163452627830170866e-01
1.214140944240272996e-01
1.249154159378313145e-01
1.334828742744915975e-01
1.426379409683697086e-01
1.460576040687806276e-01
1.531448492046431353e-01
1.605759932010686897e-01
1.667797024949483620e-01
1.765375363843930956e-01
1.842287739031916172e-01
1.931682227600717283e-01
1.996826997385783009e-01
2.123694923132991574e-01
2.226744309777334840e-01
2.334794026729061500e-01
2.494928389637798838e-01
2.566876761756204939e-01
2.678708269437177214e-01
2.795411957308694406e-01
2.903410187891416472e-01
3.015580833126119686e-01
3.117279402557108225e-01
3.222407692362591614e-01
3.331081367707903196e-01
3.443419994493420178e-01
3.542720825792927131e-01
3.644885279628325980e-01
3.749995936718436007e-01
3.839899945738943221e-01
3.950634406632059781e-01
4.007193446803742343e-01
4.142333528772864648e-01
4.241643607295944585e-01
4.343334588184266098e-01
4.447463552211063931e-01
4.532561302374954471e-01
4.641226868709222297e-01
4.730032085410997844e-01
4.820536500780823741e-01
4.912772627279358151e-01
5.006773599460541124e-01
5.126808134549512008e-01
5.200205801199637712e-01
5.299706518603222172e-01
5.401111082343340586e-01
5.504455920608321007e-01
5.583260161014446110e-01
5.690090239036288411e-01
5.771552102951078567e-01
5.881984958251407214e-01
5.966194072358369516e-01
6.080351206337893943e-01
6.167400219924139559e-01
6.255695465925124044e-01
6.345254785958662769e-01
6.466664866145445112e-01
6.559244517992534051e-01
6.653149581332802320e-01
6.748399031346985488e-01
6.845012114872950360e-01
6.943008354294860629e-01
7.042407551488016892e-01
7.143229791820179253e-01
7.245495448210171885e-01
7.349225185244587788e-01
7.419202059930922744e-01
7.525418658117033477e-01
7.633155900388464143e-01
7.705836268786363519e-01
7.853279709729014124e-01
7.928056023731169244e-01
8.041557601699712565e-01
8.156684118765908931e-01
8.234349348507520316e-01
8.352235958012077521e-01
8.471810284677068204e-01
8.552476040823376868e-01
8.674917093619414210e-01
8.757516765159387706e-01
8.882893272206793256e-01
9.010064725120812135e-01
9.095855560793043582e-01
9.226075876597281678e-01
9.313923498515226385e-01
9.447265771954693747e-01
9.537219490392906396e-01
9.673758568617342180e-01
9.765868876036024604e-01
9.905681400612800225e-01
9.999999999999997780e-01
